1.235969600095098031e+03
1.176936029604175019e+03
1.284859460069583974e+03
9.732937898855897174e+02
1.326505146661446133e+03
1.169472219885221421e+03
1.331940696849869482e+03
1.092521194244418894e+03
1.188507296166877040e+03
1.223600211425141197e+03
8.716475778645243508e+02
1.155733338833960715e+03
1.150938040668678923e+03
1.413603988852477642e+03
1.086874934475603595e+03
9.292426070093029011e+02
1.064275656816843366e+03
1.602775458517518928e+03
1.598647783596954241e+03
1.215563367053390721e+03
1.064250144827747818e+03
1.205842066778625849e+03
1.046569614317854757e+03
1.173015846835163075e+03
1.186128617131784949e+03
1.374465920011301478e+03
1.297788967281189571e+03
1.294561429932653482e+03
1.290865953810288829e+03
1.025995407553084078e+03
1.377528583564707105e+03
1.317730675052071774e+03
1.337257809725071638e+03
1.142431737078318520e+03
1.558971357691452567e+03
1.225379793529119752e+03
1.262556274658795019e+03
1.659382088558968462e+03
1.101683764053124833e+03
1.125566396043555187e+03
1.438093383831464280e+03
1.353201370578045271e+03
1.587867673028696117e+03
1.263894103497889091e+03
1.435467186728255683e+03
1.460832097230944782e+03
1.231457037396651913e+03
1.049992327518047887e+03
1.276542319251322624e+03
1.057357944041509654e+03
1.186176282507161432e+03
1.293302022079383960e+03
1.033591734330829013e+03
1.251183332370545941e+03
1.120399752444484420e+03
1.219086778761225787e+03
1.364526201947138588e+03
1.314009893149117715e+03
1.329823869877580819e+03
1.205815700458794481e+03
1.183255300546200942e+03
1.132928658927070728e+03
1.185302477216547686e+03
1.179950781366899264e+03
1.307009583639749735e+03
1.308587747491565324e+03
1.446063705503987421e+03
9.718772148435164127e+02
1.350543679612995675e+03
1.033695209845135651e+03
1.375736291390545375e+03
1.525685677263320486e+03
1.141631535366537719e+03
1.581384574969865980e+03
1.391713062672943579e+03
9.855828720973797772e+02
1.573043276416650770e+03
1.008686737465937767e+03
1.062276106523383305e+03
1.304367790305542030e+03
1.136575089711350074e+03
1.216515824195340656e+03
9.961359618116853198e+02
1.094471015821006858e+03
1.096741355112633755e+03
1.140450001379477044e+03
1.247034706200430037e+03
1.148230392689167275e+03
1.489573976005985060e+03
1.401280842627799302e+03
1.257648089415229379e+03
1.327013815199040891e+03
1.285611967665509383e+03
9.213804297813867379e+02
1.219194065698444774e+03
1.253368168545744766e+03
1.224493117977115162e+03
1.096439498424896556e+03
1.089001248263840807e+03
1.454242439137183510e+03
